# Frame list with one line of data per frame:
#   FRAME_ID, RIG_ID, RIG_FROM_WORLD[QW, QX, QY, QZ, TX, TY, TZ], NUM_DATA_IDS, DATA_IDS[] as (SENSOR_TYPE, SENSOR_ID, DATA_ID)
# Number of frames: 187
11 1 0.94714238925586847 -0.036482066993149292 0.31410114105010256 0.054137107916991091 1.5437433177762097 -1.0066028018815878 6.1557931309739722 1 CAMERA 1 11
15 1 0.97227183068971912 -0.086573594399307674 0.21591946314717206 0.023901578070987171 0.37262083395531365 -0.26654874537261952 6.3227795789701569 1 CAMERA 1 15
16 1 0.83341858676140357 -0.033206969852588933 0.54354184163188057 0.09419672387752151 4.7182750178185699 -0.73966821104549718 4.5039971584507423 1 CAMERA 1 16
17 1 0.82183979622308556 -0.032173806060403244 0.56046655566174575 0.097064079515772991 4.8746713838336282 -0.71658715972160159 4.2775218889929434 1 CAMERA 1 17
18 1 0.40359525255344797 -0.022944861800402533 0.90087760502283354 0.15812636150118189 5.2565293984630665 0.32630981843819923 -2.3855388848761261 1 CAMERA 1 18
21 1 0.50326132329936613 -0.024665938886883773 0.85140600087377327 0.14569644335373513 5.6757770443031612 0.10971442115701702 -1.2163129900942216 1 CAMERA 1 21
22 1 0.68307227271620818 -0.030366437095620834 0.71896280759156439 0.12483040913369998 5.87552627373472 -0.29355036352704311 1.7562760984806589 1 CAMERA 1 22
30 1 0.58900024535085083 -0.036872259597430505 -0.80195387824781394 -0.092677530243893427 -4.3975308238655622 -0.082113329452145875 2.7390505751938838 1 CAMERA 1 30
32 1 0.74596003905178021 -0.054716908119967718 -0.65928599168840518 -0.076757157758046937 -3.1237471372845609 -0.093017670874665462 3.8870260019533367 1 CAMERA 1 32
33 1 0.81068386866182507 -0.062339936474877004 -0.57829985786376414 -0.066892987723342234 -2.3990592242832127 -0.063424415209944213 4.4359763980458453 1 CAMERA 1 33
39 1 0.8816843331520019 -0.074747368429037911 -0.46291476041103408 -0.052492782178491224 -1.1049832192276854 -0.014303583414796813 4.9307483737484663 1 CAMERA 1 39
43 1 0.9799084561986976 -0.079219264173691878 0.18204982274737649 0.0190154592821969 4.2480483283279389 -0.55755048818792641 1.7233933795356051 1 CAMERA 1 43
44 1 0.9901847583165504 -0.10582800971147581 0.091141978665369688 0.0052646446284439589 3.8386622244004656 -0.022091451704544289 1.933138690293378 1 CAMERA 1 44
46 1 0.99883589380608362 -0.042203562643956229 -0.023254905555573756 0.002219439650250839 3.3751223109330599 -0.016221797648121889 0.6386434188173421 1 CAMERA 1 46
47 1 0.96919204792153424 -0.099858959780568926 -0.22393807111978684 -0.023381674455746661 1.9784489299758574 0.26138445173680874 4.629572892600974 1 CAMERA 1 47
48 1 0.99555860443326627 -0.039399194816956203 0.083193942425913575 0.019736679819481417 3.6287062431445736 0.0024595700921253064 1.0269236784639557 1 CAMERA 1 48
49 1 0.96909472805773378 -0.041556331998081113 -0.24074879747029179 -0.034183268395237318 2.7763939125306649 -0.19494396600103775 2.0215932456845591 1 CAMERA 1 49
51 1 0.98610898221567134 -0.10174586921538314 -0.13031468852162137 -0.015966691789217054 2.5907681049365094 0.24601249956145288 3.971718822155899 1 CAMERA 1 51
52 1 0.59428036730625522 -0.021711627178970492 -0.79365223401945117 -0.1283572425518644 -1.6422936780023714 -0.34987411657908274 3.0523884678848989 1 CAMERA 1 52
53 1 0.83187603491709095 -0.034075277894556694 -0.5471162142877749 -0.086515813759343058 0.7486107189315766 -0.33224197045872073 3.2972964430737024 1 CAMERA 1 53
55 1 0.68911806276950405 -0.027361324639807259 -0.71500483790970959 -0.11461123524537643 -0.6905020506923536 -0.36029167993986377 3.3394519956627611 1 CAMERA 1 55
57 1 0.99841403088424863 -0.012487450214307791 0.054218842132657333 0.0085909067278158256 3.6427039966828803 -1.3174303149442641 3.0272308067040377 1 CAMERA 1 57
58 1 0.99617852381984473 -0.039961836293857189 0.075505808709037475 0.018173419362690634 3.4071088185052951 0.064192577796474054 0.26881828092639032 1 CAMERA 1 58
59 1 0.99680788449087521 -0.038528612035497116 -0.069653825463011673 -0.0061589016725816384 2.8426639495889567 -0.14040254628416873 3.4891106398688518 1 CAMERA 1 59
60 1 0.98807799202653712 0.0013916090970072486 -0.15111517926697776 -0.029396389098608606 1.9157550869771329 -0.96747600079872809 4.3404554760236795 1 CAMERA 1 60
62 1 0.88169003303058835 -0.036177302247484021 -0.46491780738881017 -0.0718701664767466 1.3229722366697196 -0.31934716040811878 3.1385183441146776 1 CAMERA 1 62
65 1 0.71562195511220095 -0.055962646635372704 -0.69367600175981692 -0.059724401424126355 -5.4736408030584682 0.014108350064880735 0.59314786707776967 1 CAMERA 1 65
70 1 0.54392935270217035 -0.012538998627434477 -0.82882790264507 -0.13049115134519101 -3.2469830940732778 -0.33951667592289919 2.0194282353812021 1 CAMERA 1 70
74 1 0.7795212564553422 -0.063775155110012693 -0.62061268316874885 -0.055850137108736507 -5.2736692829955381 0.024731923457729413 1.2996027632762179 1 CAMERA 1 74
75 1 0.96054166141688857 -0.092027041577491336 -0.26112745076986965 -0.026517819582448851 -4.3173099357032712 0.0059459203860580366 3.3681353931971882 1 CAMERA 1 75
76 1 0.90224543755702724 -0.11807445846887911 0.41406117470388287 0.023768387990147476 2.8095429614970033 0.69491812880365922 6.0294192985408133 1 CAMERA 1 76
77 1 0.89811833018309606 -0.080063546114148371 -0.43051363715569024 -0.040389377263505215 -4.3584806837017673 -0.014535153928258182 3.0896361183320113 1 CAMERA 1 77
78 1 0.94063066357978908 -0.088774732644157611 -0.3260015418958595 -0.032496096056698433 -3.6922532999498587 0.040752171912100635 3.6718350891746949 1 CAMERA 1 78
79 1 0.98518142469523906 -0.097179607276584923 -0.14037727815730894 -0.016367777557544972 -3.8026622748796863 0.0029045635645409368 4.3743124170839467 1 CAMERA 1 79
80 1 0.7746747781768496 -0.12860354465024754 0.61888980657029791 0.017762986331694455 5.5309477280054891 0.80223988929075229 3.8986829471399247 1 CAMERA 1 80
82 1 0.94476185748631791 -0.11314119106174886 0.30700246224402988 0.019328520383986348 1.288236362074793 0.52480601792498938 6.4871539451639695 1 CAMERA 1 82
84 1 0.91221915126864572 -0.1453052962753105 0.38296039664150805 0.0091610882123650018 1.9631769440430977 0.91897164448341584 6.1916929053717116 1 CAMERA 1 84
85 1 0.99117358107547349 -0.10099631934708451 0.08582311712780881 0.0030113490050385733 -1.6049526038940221 0.11729839626347899 6.1419844054924218 1 CAMERA 1 85
87 1 0.98732155630546814 -0.097884912816262798 -0.12411048061803893 -0.014535367152585969 -3.6853956332275279 0.0088311168621873146 4.5173331134657024 1 CAMERA 1 87
88 1 0.97352170011181627 -0.18273280971082509 -0.13722037369367576 -0.0058981954828843533 -4.2227276088825603 0.57009910885349036 1.5857790394553271 1 CAMERA 1 88
89 1 0.88618687438107691 -0.16470705392706964 -0.43300049758541331 -0.0074147927919437553 -1.3180840591622096 -0.19164122691986377 -2.634143338561199 1 CAMERA 1 89
90 1 0.97215174129089921 -0.18263390288395082 -0.14674511397060239 -0.0056321353147105336 -3.8725556179723566 0.50062391584520094 0.91673215026115784 1 CAMERA 1 90
91 1 0.82956913943928423 -0.24554975527581854 -0.49966281366744136 0.043097949045018714 -0.23121227935145067 -0.5249642807528655 -2.7632388266802099 1 CAMERA 1 91
92 1 0.81628674631467268 -0.27275343734455498 -0.50561149525801719 0.060320196208959211 -0.23307657383135855 -0.63884479141332617 -2.65003594980743 1 CAMERA 1 92
93 1 0.90694827676948897 -0.16386036466448523 -0.38777910753552614 -0.014898587712509393 -0.77559904563750881 -0.32709974508065959 -2.165084074614485 1 CAMERA 1 93
94 1 0.96090893138873545 -0.17940995293617443 -0.21078552034436099 -0.0059631181403036514 -3.1883431985049664 0.15205213868304834 -0.74499545906794151 1 CAMERA 1 94
95 1 0.48799340493541599 -0.025465831754390572 -0.8665340403771965 -0.10164981564256412 -4.9632571412650313 -0.28020911941622484 -1.7663403103419351 1 CAMERA 1 95
96 1 0.98254915830556566 -0.18525007499246979 0.015874924057034865 -0.0052486202465088696 -3.2038802362601411 1.0999383986753466 4.803005280390976 1 CAMERA 1 96
97 1 0.80490609818482528 -0.036297262061679339 -0.58768129379601897 -0.073752144334545022 2.2779925006252588 -0.073644368266060384 -3.5946868251409567 1 CAMERA 1 97
98 1 0.84397481423766074 -0.13603200484554229 0.51863790541973109 0.014714946552480658 4.1533575850111637 0.80665789965383283 5.1691942680964384 1 CAMERA 1 98
99 1 0.8600747605732918 -0.043403232126972689 -0.50487113244552551 -0.059099114112648538 1.4481489267162937 -0.040339117635745124 -4.064801132377311 1 CAMERA 1 99
100 1 0.97506730998012392 -0.16757122872898558 0.14546875805477438 -0.0015699491661748414 -1.6308089162354946 1.1410462807945805 5.8921287215459763 1 CAMERA 1 100
101 1 0.6773899759182942 -0.013818295037769634 -0.72868231953486073 -0.0998696773047619 3.6110406090784841 -0.19180231616157084 -2.391927200691105 1 CAMERA 1 101
102 1 0.92668759937929612 -0.076581717639311014 -0.36510547109112967 -0.045643495258080237 -0.83426358774051435 -0.68972515225276876 -2.3766453462127815 1 CAMERA 1 102
103 1 0.76348193295915623 -0.024518676230214267 -0.63967275513433808 -0.085515723114019837 2.8427395297562308 -0.25907930555156372 -3.4221715387436804 1 CAMERA 1 103
104 1 0.72081123174393313 -0.020814485818947993 -0.68302064321784439 -0.116106530006581 3.2836251568540251 -0.30654843032772178 -3.1525542180411601 1 CAMERA 1 104
105 1 0.91795792117045438 -0.17130717895846728 -0.35773366363508202 -0.0058078653506985064 -1.9485391301131012 -0.13059988668964789 -2.3078578775257772 1 CAMERA 1 105
106 1 0.84033149492381487 -0.026046866391737804 -0.53682478693219027 -0.070595237271971353 1.4698615529283068 0.24358839167482446 -3.6428036096969842 1 CAMERA 1 106
107 1 0.063492356997911586 -0.030625614511346811 0.99097852092257288 -0.11398404892247853 3.2484613451611231 1.4412206951454019 2.1712879544677706 1 CAMERA 1 107
108 1 -0.1204916815045915 0.013199647255996783 0.9903049886722104 -0.06784949087094605 3.5945633943891622 0.85040267581583151 1.1103985596412485 1 CAMERA 1 108
109 1 0.90689251739110743 -0.091521742912349047 -0.40921697749241076 -0.041366626721089123 -0.4878052542268192 -1.5228002248797567 -2.3903131094958447 1 CAMERA 1 109
111 1 0.77703710117479197 -0.058142376628462646 -0.62357297570414749 -0.063162895827732018 1.0046493885792396 -1.7146927182617748 -2.4741652573379143 1 CAMERA 1 111
113 1 0.86108166545625986 -0.050455444304378913 -0.50274710051824367 -0.056903132388477093 0.23461897326352324 -1.1813789617585435 -2.6788214278317355 1 CAMERA 1 113
114 1 0.86242244746658248 -0.047382589884041121 -0.50066911641249989 -0.057557346641043561 0.23742493065310905 -0.77367415802989692 -2.654530730757056 1 CAMERA 1 114
116 1 0.066833717325326114 -0.030394172241647699 0.9907307624181142 -0.11428912861968028 3.2101409320626759 1.4354653343852868 2.1819190289637649 1 CAMERA 1 116
117 1 0.98089111278176289 -0.18411831478665111 -0.062631025021426701 -0.0055159523786861217 -4.1812080058353231 0.83759867863007531 3.5462778008001323 1 CAMERA 1 117
119 1 0.23527014159594084 -0.062449100120819855 0.9683173430299894 -0.055763729743155299 1.3003503148018003 1.1845031606333167 2.8752767272546969 1 CAMERA 1 119
120 1 0.75368714012375149 -0.058457692076863625 -0.65140067090063469 -0.064927336302441241 0.74297887118586747 -1.7822856409819952 -2.5478252088566951 1 CAMERA 1 120
121 1 0.84818124489206204 -0.059647034736929803 -0.5235306362226857 -0.05428148852706044 0.42994282865451106 -1.6698022983072047 -2.6549419136047208 1 CAMERA 1 121
122 1 0.86910320369079996 -0.04527626137656586 -0.48939091234785947 -0.055733440603273503 0.45101958598923148 0.12948627454822484 -3.2365864972667588 1 CAMERA 1 122
123 1 0.34014951777244296 -0.085756253590313011 0.93513423414047858 -0.049680324755670545 0.59486675271304967 1.2143342414086744 3.1442029707758929 1 CAMERA 1 123
124 1 0.64459554672024455 -0.15663837611872694 0.74723682675793746 -0.039976555780173915 -1.9704786706915511 1.0412472865019089 2.7562430780581781 1 CAMERA 1 124
125 1 0.45315391593903231 -0.11939548091604434 0.88196091321021308 -0.050410268550702429 -0.47598137659860934 1.6773020466267363 3.1892840978758832 1 CAMERA 1 125
126 1 0.48596157905575188 -0.11710576292704473 0.86556722893812521 -0.03034725950214328 -1.2803140497024408 1.0213416845099406 3.4367573842148413 1 CAMERA 1 126
127 1 0.74654747019030332 -0.17959161080533945 0.63983735620498872 -0.031966946763996626 -3.1974931388683716 0.88820227534156304 1.9582995072833076 1 CAMERA 1 127
128 1 -0.19517546296436958 -0.0040377828610767691 0.9655045648033409 0.17231125996324811 3.287231143314723 -0.50876523643983296 1.3923865604965286 1 CAMERA 1 128
129 1 0.04209032214489241 -0.010334538363208761 0.98844860659296752 0.14522725027686648 2.4122510905760288 -0.11142764611229772 2.7926289247460465 1 CAMERA 1 129
130 1 0.45174426673844731 -0.068291449206654878 0.88853595293600307 0.042038741350166692 -0.099719300563640728 0.44035767002820347 3.4789658369396346 1 CAMERA 1 130
131 1 0.3224074379707465 -0.017358710610536378 0.93068163027447248 0.17199948307110977 0.82266414986926761 -0.80884718601913808 3.0756016427712827 1 CAMERA 1 131
132 1 0.56849669311121642 -0.138189708642797 0.80988280505436572 -0.042484778734303466 -1.6266037222735308 1.1784637610836604 3.0063373099462605 1 CAMERA 1 132
133 1 0.86375049894730282 -0.22712493640799511 0.44969411411782989 -0.011159863696747303 -0.38171776354459441 0.15634922696338366 -1.0975226742572881 1 CAMERA 1 133
134 1 0.60794094477355076 -0.023885509831720653 0.78159495995859651 0.13764668050934362 -0.46718753729437973 -0.62715748074267508 2.185801823039669 1 CAMERA 1 134
135 1 0.51809969508633047 -0.019640194484287544 0.84120854082094376 0.15347690237286365 -0.17406133324523962 -0.69412898065531536 2.4299533977914325 1 CAMERA 1 135
136 1 0.86478895205672512 -0.18941631001477416 0.46493129269008454 0.010021126610573415 -0.75250230406100982 0.45281915944325474 0.26687721284875782 1 CAMERA 1 136
137 1 0.76296041246430935 -0.024745729371570945 0.63655021892940566 0.109922139130776 -0.88444674789114264 -0.53511169912767598 1.8090132081104928 1 CAMERA 1 137
138 1 0.91599962479838559 -0.025750283695405968 0.39501641371906154 0.06514325100387737 -1.0022904934696713 -0.32366181261338156 1.3765391517304526 1 CAMERA 1 138
139 1 0.90043408303466188 -0.27135015466797868 0.33931927375773668 -0.021212876460162174 0.54078771922740743 -0.37891791097729099 -2.3658828555161233 1 CAMERA 1 139
140 1 -0.057564768443063186 -0.0064090824967650718 0.98274394778049456 0.17566887657309962 2.6303374626802567 -0.50360796156854559 2.2812691015258197 1 CAMERA 1 140
141 1 0.92796479355087291 -0.28066701525980753 0.24470497412276368 -0.015061345053289387 1.3500160276213402 -0.62269696966160182 -2.720253631317576 1 CAMERA 1 141
142 1 0.82207184287882562 -0.024308362273418496 0.56082176363978953 0.095320187249877453 -0.89211556062261788 -0.50456530094311502 1.4607200035172525 1 CAMERA 1 142
143 1 0.87393523270161655 -0.17624446691796394 0.45260244080200429 0.018059000626897356 -1.1295645938683045 0.52545230491805683 0.86461490017161258 1 CAMERA 1 143
144 1 0.98269335614084252 -0.13862404077887178 -0.12260571446130004 -0.0080611349212745802 3.3427982089673502 -0.075158576525547846 -1.4252303252344694 1 CAMERA 1 144
145 1 0.93427956248438904 -0.026057684865742285 0.34784779970694629 0.073787562789759509 -1.5941783647817387 -0.27028269228504809 2.0610447887168695 1 CAMERA 1 145
146 1 0.98405970868601 -0.14196083877962273 -0.10692021790557213 -0.0064557723640363924 3.3163621928137834 -0.081391566599845908 -1.5135718714909376 1 CAMERA 1 146
147 1 0.79927399141963251 -0.1068595586657882 -0.59022067062955597 -0.037170974206762519 2.9562663825286459 0.25832662888403196 1.7287442918461227 1 CAMERA 1 147
148 1 0.91876594409862244 -0.12171858081900126 -0.37469919610754276 -0.025578105565827864 3.527572456977857 0.12599590515803061 -0.021923622401504982 1 CAMERA 1 148
149 1 0.81266224302713896 -0.10157790000183081 -0.5726220677842816 -0.036959118979908771 1.2943719245915322 0.20969385816596528 0.91424004436749218 1 CAMERA 1 149
150 1 0.96655995895715219 -0.027996062994271594 0.24963177326843256 0.051594999490522202 -2.9124137506888239 -0.086601231465196798 -0.51533111318582847 1 CAMERA 1 150
151 1 0.93332592387832647 -0.0048971680525399719 0.34951590072895944 0.081959579668015592 -1.4418982428380342 -0.62042438833548841 2.6921736772446487 1 CAMERA 1 151
152 1 0.99655348030600255 -0.041078860858250438 0.071498837198842702 0.009033513148037537 -2.7007722337179851 -0.35877464379334983 1.5136753127705271 1 CAMERA 1 152
153 1 0.82560290474383591 -0.07010575439223618 -0.55679011948870805 -0.058734910567621437 0.97945561034384798 0.059303256022042568 0.26889023312806842 1 CAMERA 1 153
154 1 0.98757540397891586 -0.15087486079883908 0.043893009978391802 0.0022364055645081806 2.8364370713897173 -0.10433480703131391 -2.4174070235461307 1 CAMERA 1 154
155 1 0.99704105177571023 -0.03468652538188341 -0.068553001688416784 -0.0025440106968218153 -0.24215542439426899 0.29740486550132611 -1.3432934431777193 1 CAMERA 1 155
156 1 0.97733629356475216 -0.044376808207279114 -0.20558215354123696 -0.024092453586015562 0.013137137330887569 0.040543837219012745 -0.8129218524220424 1 CAMERA 1 156
157 1 0.98409185669240673 -0.041482620192348836 0.17119767223753368 0.023103394428499891 -1.9679625312396214 -0.2218237956896057 1.4440941300852943 1 CAMERA 1 157
158 1 0.94585580353806231 -0.044745111944191396 -0.31883985780868196 -0.041180322279065616 0.062379546689834919 0.03257764137524085 -0.91444560103012007 1 CAMERA 1 158
159 1 0.78102540242826035 -0.10361826746266685 -0.61466564644689747 -0.038062034730515407 2.1276369339811465 0.24612657147687902 1.9393010295182924 1 CAMERA 1 159
160 1 0.99904007386947991 -0.031333729382052665 0.027250549028663335 0.01394760852307945 -1.7115089507161665 0.13684985219320925 -1.61895920022989 1 CAMERA 1 160
161 1 0.97391526144844154 -0.039056780355102391 0.21969547760433814 0.041201074577115422 -2.181927909968723 -1.1151136272380244 2.3999070109630303 1 CAMERA 1 161
162 1 0.86075166671740211 -0.054953627739011864 -0.50237194999865475 -0.06090230616393575 0.60439378357743512 0.025799841118073624 -0.53973323715508537 1 CAMERA 1 162
163 1 0.83602668370805633 -0.026488747929250132 0.53612291782217913 0.11370992633487721 -0.36453404076815954 0.049522761947626212 -0.88305723036419759 1 CAMERA 1 163
164 1 0.68586570555279092 -0.021144506765380697 0.71151134328563215 0.15130351005874351 -0.4346617238434568 -0.14001552745507734 0.43784128168391812 1 CAMERA 1 164
165 1 0.72272027238206971 -0.013528795176839867 0.67412091422175091 0.15183337116023271 -1.5656349786951766 -0.58692335018902053 2.11042897408222 1 CAMERA 1 165
166 1 0.88902696602943032 -0.02893699841351214 0.44633568326625073 0.097868082838950834 -0.086438828127407538 0.095249952729701895 -1.166758499754164 1 CAMERA 1 166
167 1 0.93346521591511056 -0.011278519595664744 0.35045801131279047 0.075463023918806799 -3.0224394945548827 -0.18966143121993792 0.17420539717902589 1 CAMERA 1 167
168 1 0.99547730125606737 -0.033371926313867414 0.0857214277178205 0.023729602779172309 -2.2043726889033914 0.078191602646293074 -1.4822244383726586 1 CAMERA 1 168
169 1 0.69164420439505125 -0.019440342914538632 0.7058411569571249 0.15178481063508786 -1.0295878359923849 -0.4377112797882608 1.6381274619877628 1 CAMERA 1 169
170 1 0.55328442869626904 -0.10102553786227535 -0.82667722167129021 -0.016581701713570249 -0.4593820500467613 0.75487110192904316 3.0001788375376583 1 CAMERA 1 170
171 1 -0.22656065758499361 0.042116048745065131 0.97299061996573 0.013629392189791445 -2.4312251625816281 0.63957964911731546 1.9400583139210219 1 CAMERA 1 171
172 1 -0.3256627404290604 0.10916731962258625 0.93282274104787943 -0.10894039474214971 -1.7129620018065848 1.6412904302218811 2.1529115288309453 1 CAMERA 1 172
173 1 0.97355065933159279 -0.032822232214673418 0.22011046059223124 0.05170299725686095 0.61122984390831347 0.11667511213893846 -1.6138822206431325 1 CAMERA 1 173
174 1 -0.29167393111897338 0.047391683684207132 0.95405875282536645 0.049520120965994362 -2.7767185253374924 0.31679815242626463 1.0716606148535137 1 CAMERA 1 174
175 1 -0.34858781206999878 0.069273529404109468 0.93456862567570842 0.016407294193945165 -2.0470851440297553 0.57752212861036389 2.091344439608922 1 CAMERA 1 175
176 1 0.87119728603785018 0.022855738819594334 0.47490554557892395 0.12230137685929557 -3.6417031071741217 -0.38285822985106743 0.5428336245904668 1 CAMERA 1 176
177 1 0.99083581849854119 -0.032606924227687545 -0.12989247676002486 -0.017581631149646081 3.0541259753322789 -0.055043756526448169 -1.1130385465391446 1 CAMERA 1 177
178 1 0.92419680279990979 -0.027170305261101511 -0.37499131857921952 -0.067108532964607726 3.0178312329713881 -0.44072303144388403 1.1166573904341037 1 CAMERA 1 178
179 1 0.99798910648243389 -0.033509472303452942 0.050945102935161697 0.017304770881558348 1.7198715186426221 0.065912446746351397 -1.6445073409832685 1 CAMERA 1 179
180 1 -0.44383356661182238 0.084059810032830487 0.8920979648359908 0.010340919753910167 -1.3214984956343945 0.72772437699503445 2.6044773436540036 1 CAMERA 1 180
181 1 -0.29073043295503531 0.04718441733593811 0.95434505862221053 0.049748921574397836 -2.8638451360101644 0.30130369643381505 0.9803520737138528 1 CAMERA 1 181
182 1 0.93975991992475083 -0.029006259918121429 -0.33537997367218542 -0.059415511848613156 3.2539535362274417 -0.32791719281726367 0.72321702977808933 1 CAMERA 1 182
183 1 0.60659443396078294 -0.090782667602083172 -0.78882028729298304 -0.039550654935950461 -3.0814584657250204 0.41497551839331814 2.28134326853182 1 CAMERA 1 183
184 1 0.8761419687346349 -0.022369272349925428 -0.47354560534082779 -0.087346585157760462 2.6421763354692822 -0.56053180347075882 2.0727342595650535 1 CAMERA 1 184
185 1 0.91602972123326887 -0.2528726173342607 0.31090796251049169 -0.016769855914562756 4.6979572239915894 0.62506433293634134 -0.13135373424663827 1 CAMERA 1 185
186 1 -0.45667120094442154 0.070501598871607382 0.88576098812673787 0.043685360216801444 -3.2502987225970257 0.33824921042613693 1.2696572613183172 1 CAMERA 1 186
187 1 0.6854733632696397 -0.10150693461945416 -0.72013849753466441 -0.034973630644910679 -2.7506784568920466 0.49391669562478285 2.9796571566946186 1 CAMERA 1 187
188 1 0.99938822193553112 -0.033937102552158802 0.0027778933335037225 0.0079836229576271782 2.0407150314702518 0.04501643557430958 -1.5232573728393959 1 CAMERA 1 188
189 1 0.97582724874179416 -0.15377510222296431 -0.15467801555139116 -0.013751729142960469 2.8988187424769873 -0.22912927256483068 -2.1605220900813205 1 CAMERA 1 189
190 1 0.96319847854802543 -0.23264365271845328 0.1346258629101213 0.0012242582612295415 4.6287794079614004 1.0534590995105253 1.3643571232541303 1 CAMERA 1 190
191 1 0.92337968394614189 -0.3073973510178491 0.22815722101781274 -0.028655023297172424 4.7272681004944541 1.2074011307331147 0.65946251868182171 1 CAMERA 1 191
192 1 0.89314228718670141 -0.28817517211041455 0.34331652477472552 -0.037224841633593818 4.8040395623464658 0.72569159489373158 -0.37520182644423866 1 CAMERA 1 192
193 1 0.93130764572293878 -0.14500361345617988 -0.33360162158964557 -0.018707730364934318 3.5297625604744329 -0.11446208698929289 -1.1536920683520664 1 CAMERA 1 193
194 1 0.73587937236796563 -0.14519277554563256 0.65947996876293591 0.049867605247510355 -1.4158870398177532 0.031591689997619687 2.4618581662076613 1 CAMERA 1 194
195 1 0.99762629865967989 -0.031822111111867925 -0.060966038459270448 -0.0035019453956475297 2.5396175936868586 -0.0050288704615802701 -1.4281665416054978 1 CAMERA 1 195
196 1 0.88905706092825898 -0.13715582071675356 -0.43619189302487704 -0.022415524006684229 3.7479739414536302 -0.017489358619365472 -0.43437491008287626 1 CAMERA 1 196
197 1 0.9867769410577697 -0.16155129446467867 0.010991052020737396 0.0071864197577971977 3.9406309901481853 0.84459189521926226 2.5092138397626012 1 CAMERA 1 197
198 1 0.96784997430742192 -0.24500076089632211 0.056224705516054442 -0.0089351487384992084 3.5086101895050725 0.31825425766791221 -0.02479885765737621 1 CAMERA 1 198
199 1 -0.10614556520889741 0.0041431432091001029 0.99379306603661266 0.033034758185609456 -1.6301302062082907 0.65444580699513277 3.3880504651950756 1 CAMERA 1 199
200 1 0.87743154973466553 -0.17532845094778546 0.44495476365621395 0.037270204159837089 -2.6114160796745929 -0.11130228436618454 1.2351567432473014 1 CAMERA 1 200
202 1 0.83598911364463313 -0.12416822630137272 -0.53405166756761557 -0.022209678365090798 -0.93728531878256682 0.6833602332711417 4.2845213049116735 1 CAMERA 1 202
203 1 0.44427998378868799 -0.12686354060803687 0.8851323066571678 -0.055332971914382634 -2.683995095549113 0.055023757561020251 -1.005008952788057 1 CAMERA 1 203
204 1 0.93649773640986422 -0.13710644973013586 -0.32260928484896695 -0.0098519272650743339 1.221412272728291 0.71624819719132449 4.1237126160342843 1 CAMERA 1 204
205 1 0.97424703556935943 -0.22534101164208731 -0.0031394140050616478 -0.0073679193902258895 3.2687920835655775 0.14878254564444854 -0.31079005983437608 1 CAMERA 1 205
206 1 0.81785958791484681 -0.15648820671177846 0.55215618817917245 0.041721450973510869 -2.0259798616365789 -0.003908500414106458 1.8519359362827008 1 CAMERA 1 206
207 1 0.93768130789352233 -0.31081327297437278 0.15344315813743181 -0.024577863838470708 4.2369748049337508 0.70856343583007719 0.28294281727083237 1 CAMERA 1 207
208 1 -0.014989972606642681 -0.010167491900903172 0.99935059537624016 0.031149804988978829 -2.2588391352106068 0.62995643738060259 3.0317519867660252 1 CAMERA 1 208
209 1 0.74153162941557438 -0.020644991653885347 -0.6593916629162756 -0.12209529791275012 1.0932203638294675 -0.39819842213912149 3.0349303902292961 1 CAMERA 1 209
210 1 0.9797718493705101 -0.19954957893319777 -0.013041147672319063 -0.0075509731864604026 2.8764382297979227 -0.048640915743986969 -1.1978562142365292 1 CAMERA 1 210
211 1 0.96737192674080996 -0.14127978142752137 -0.21027578094357857 -0.003959123909812054 2.2563814627969712 0.68534321512451224 3.7141336067164938 1 CAMERA 1 211
212 1 0.26006755352793032 -0.055448398587335829 0.96369281072687685 0.02421795303961807 -3.0841985127350906 0.34143007787034463 0.68577035712048617 1 CAMERA 1 212
213 1 0.17771217133869022 -0.042274956357560935 0.98287329814398017 0.024316496841219604 -3.2890412652406549 0.5055320643699851 1.956823090036006 1 CAMERA 1 213
214 1 0.59606925805989597 -0.11776471775032661 -0.79389000507372687 0.023907544690934673 0.9660800578666463 0.22401507177928681 -0.91182874315353535 1 CAMERA 1 214
215 1 -0.2842484192659428 0.065295777231997684 0.95221674760013253 -0.090678350284440157 1.6703751506412399 0.056162525308278539 -1.034076782763016 1 CAMERA 1 215
216 1 -0.070196174169785408 0.0071340127701801075 0.99348703092552937 -0.089471349472869346 1.9308848921059203 0.25372983391463771 -0.22887333961924847 1 CAMERA 1 216
217 1 0.60537019701785655 -0.094422631182373276 -0.79027818442830344 -0.0084665518284240369 0.99602118304301979 0.41826585973540886 0.35707373866149378 1 CAMERA 1 217
218 1 0.49647041622768529 -0.12712631965820087 -0.85537256863782485 0.075457229493267747 1.1473255209492101 -0.061239459616421979 -1.3326682445026916 1 CAMERA 1 218
219 1 0.056048438697768099 -0.0216317562157082 0.99808411213384074 -0.014790021925936704 1.8767518738920956 0.20155814743389078 0.25447504876562604 1 CAMERA 1 219
220 1 -0.15890927176327141 -0.00074778957149237968 0.98089692499524006 0.1121985146662208 -1.9218817691349157 -0.050549406287220787 1.5663931674475504 1 CAMERA 1 220
221 1 -0.45571046814446425 0.02004823533474118 0.88403213837569639 0.10204516550238865 -0.3800385484194726 0.018622040996358082 2.3887689985285259 1 CAMERA 1 221
222 1 0.31542359603044268 -0.050570608801330817 0.94608481063451466 0.053610630283008248 -2.7455520286131834 -0.038787355925445507 -0.3291976835156234 1 CAMERA 1 222
223 1 0.29463193198942694 -0.040418531661514802 0.95139120888447215 0.08008204922357938 -2.7654196765602248 -0.05578919097546442 -0.24130580374506644 1 CAMERA 1 223
224 1 -0.24968459874138182 0.0056219542168282821 0.96208301823845355 0.10964607060595688 -1.6157886573055533 -0.02770119833748385 1.9070294619233894 1 CAMERA 1 224
225 1 0.56369814706899135 -0.033266510575825997 -0.82081312045201071 -0.086043939699014027 0.59959025937904797 0.27004395844311779 1.8473921889153422 1 CAMERA 1 225
226 1 0.98060237554372198 -0.19584472740662096 -0.0012086540348201517 -0.0078970235190106777 2.5216437948887487 -0.21291418295588443 -1.836132941763384 1 CAMERA 1 226
227 1 0.035683095858138142 -0.014855441939986867 0.99287616291537495 0.1127073982895032 -2.2179401032126096 -0.089496647311398128 0.91035248371763389 1 CAMERA 1 227
228 1 0.77039037106329089 -0.092984021239484918 0.62834556474497505 0.055086288969384022 -0.75867676381331828 -0.025348786813289149 0.8609954887240252 1 CAMERA 1 228
229 1 0.61573898546876094 -0.077320704289593631 0.78095638999489359 0.070669140282063225 -0.060874022894350684 0.0909380388576944 0.89413011870267933 1 CAMERA 1 229
230 1 0.45368536957719657 -0.034654620956677991 0.8821895314969177 0.12128591507343443 0.48688789366728819 -0.2302797989705439 0.95722706714784633 1 CAMERA 1 230
231 1 0.83236068756857562 -0.15700424510514149 0.53142922990612196 0.010407997440375015 -0.98001166958878683 0.17532012487069276 0.82744324102032918 1 CAMERA 1 231
232 1 0.30184855969439095 -0.026290593938713355 0.94416249672535157 0.12943504725584204 0.84018732544958385 -0.1953831518945271 0.79218172946347598 1 CAMERA 1 232
233 1 0.56396842005083814 -0.039606078219796698 0.81707173699607261 0.11298122125215984 0.22478080780300932 -0.23474493583735043 1.0890900103068946 1 CAMERA 1 233
234 1 0.81042208219686085 -0.043444105026324592 0.57819846182173729 0.083756773894076361 -0.84449180837089821 -0.24227523356490208 0.93580302877506771 1 CAMERA 1 234
235 1 0.73711363757062631 -0.043173641971508719 0.66777713093973856 0.094197799019971121 -0.47023514125374588 -0.26056418264899589 1.123542447670496 1 CAMERA 1 235
236 1 0.46291462806755063 -0.060341118547223904 0.88062434030871395 0.081054104087292911 0.33948144856133355 0.15870004248314809 0.46516589280463044 1 CAMERA 1 236
237 1 0.42753932462700645 -0.056786842534723631 0.89847880998720808 0.081982976381625466 0.34741121369151612 0.15121822599475457 0.38406062242423228 1 CAMERA 1 237
238 1 0.14945763584506086 -0.56133549694637741 0.81083565381607103 -0.071487183859999609 1.6124040291049324 -2.196923491936094 4.9933788860196655 1 CAMERA 1 238
239 1 0.26758354428881226 -0.040536699187597759 0.95867685859309504 0.087718319881804688 0.28571112654866648 0.13918035973093529 0.20295708208293778 1 CAMERA 1 239
240 1 0.89624698295644212 -0.046639818654589084 0.43660214127152885 0.062806393738680355 -1.2769150569032135 -0.16626184148347201 0.51008505391988579 1 CAMERA 1 240
