# Frame list with one line of data per frame:
#   FRAME_ID, RIG_ID, RIG_FROM_WORLD[QW, QX, QY, QZ, TX, TY, TZ], NUM_DATA_IDS, DATA_IDS[] as (SENSOR_TYPE, SENSOR_ID, DATA_ID)
# Number of frames: 49
25 1 0.9810355062065873 0.072348729425016398 -0.16285806753311827 -0.076238092525647144 5.0710756457398949 -0.78719018074473179 2.7110590381600526 1 CAMERA 1 25
30 1 0.87608840539065069 0.10453753123238037 -0.44060534250878497 -0.16555344350578211 1.5927976179328418 -1.5799027135874122 3.6773485934611507 1 CAMERA 1 30
31 1 0.87427766289929398 0.10867654639287913 -0.44258054890493631 -0.16718383340045273 1.8835250084049471 -1.30200662370762 2.8475931172902262 1 CAMERA 1 31
33 1 0.89785962564349686 0.11330553618134896 -0.39591159523332425 -0.15576892138607548 2.2627491949288268 -0.95019692432216019 1.9173556789534019 1 CAMERA 1 33
36 1 0.93253816186694849 0.075966959285867483 -0.33128542606691708 -0.12186699403174586 3.1116965841085724 -1.274525407972334 3.9695777441231983 1 CAMERA 1 36
37 1 0.98768869861497277 0.15450975217223978 0.01112589320065494 -0.021771210632904624 2.3183068394277782 0.44244943606660275 -0.88526704775899512 1 CAMERA 1 37
38 1 0.46068012696513133 0.10083173199721354 -0.81994917129774936 -0.32448442016523216 1.1061145162863142 -1.7267335171224485 3.2784857979224142 1 CAMERA 1 38
39 1 -0.45297320949137609 -0.097695471126358818 0.82706609827795896 0.31817060751074144 0.89439145273005372 -1.3083302519756286 2.572680513364717 1 CAMERA 1 39
40 1 0.94337541084299514 0.1147961180112768 -0.28709205429638912 -0.12017835856022697 2.613244973286255 -0.39073724900773671 0.60159174419479811 1 CAMERA 1 40
41 1 0.89080407370704351 0.1517431573432608 -0.39309465255199694 -0.17005502227649566 3.4167842942605997 -0.12591391154302467 -0.10495723477674218 1 CAMERA 1 41
42 1 0.51452465473643327 0.10782269428223415 -0.79196387491603404 -0.31053480818429102 0.89565397935589153 -1.0025719347200102 1.8814337918228272 1 CAMERA 1 42
43 1 0.5917730735332547 0.11782935464178733 -0.73990558696028619 -0.29742325902770228 2.5142514969449525 -1.7637841683566728 2.7568482146463831 1 CAMERA 1 43
44 1 0.69210212321083031 0.13181657274431541 -0.65743460506867579 -0.26720550566033935 3.2918871147932012 -1.3237766866071088 1.8817898967696105 1 CAMERA 1 44
45 1 0.98112567580420684 0.15697192647918926 -0.095488680733078965 -0.060283782454376843 2.6899151515300317 0.31967555529437952 -0.65557039904994274 1 CAMERA 1 45
46 1 0.57479006919180387 0.11787985325561826 -0.7523689191872357 -0.29943567923002479 0.78874627528854901 -0.83871945066615161 1.5635163853917686 1 CAMERA 1 46
47 1 0.96747442818164642 0.12470352590587735 -0.19821165349832781 -0.095678638465947277 2.5839403497924311 0.16046993870244339 -0.61350148305216401 1 CAMERA 1 47
48 1 0.9848558072606961 0.14591147516564681 0.0931663426320129 0.0094293647952516969 1.9917384547622703 0.66374415617308891 -1.2550718818098339 1 CAMERA 1 48
49 1 0.95389686292557085 0.15722723365500141 -0.22977858364908688 -0.11208110632113642 2.8963321015612618 0.16858194162287657 -0.5850194565926049 1 CAMERA 1 49
50 1 0.98370112079499217 0.12605176994329645 -0.11061106920850142 -0.064871007463973493 2.0690866738551215 0.48663763936483667 -1.3358640273038038 1 CAMERA 1 50
51 1 0.75105939315036518 0.13763633588718527 -0.59774477194131181 -0.24426873443194574 3.4929692075168219 -1.0216258229853592 1.2857569360818102 1 CAMERA 1 51
52 1 0.84566815863429823 0.14697972141771237 -0.47238853474422832 -0.20022836763617699 3.4866442824584039 -0.43340343602164594 0.31060443559608331 1 CAMERA 1 52
53 1 0.82280304071365407 0.15817967739000799 -0.50167119078640998 -0.21517518952728593 -2.0522525176295128 0.11535961127812033 -0.17158004348087144 1 CAMERA 1 53
54 1 0.62042303655172359 0.12895049724675181 -0.71666003891983221 -0.29128236059050816 -1.1356736711819333 0.020351503524125798 0.1448620998570144 1 CAMERA 1 54
55 1 0.6773311180578564 0.13842800076494957 -0.66852423895905966 -0.27410871390549318 -1.5210021013674224 0.20291066724169313 -0.17610851682857975 1 CAMERA 1 55
56 1 0.98781667293960951 0.1521372510568578 -0.0096383649130346531 -0.031298233579332195 1.5679942053841431 0.78666599221285294 -1.7217437282729768 1 CAMERA 1 56
57 1 0.98554390782701418 0.14644804260928343 0.084974858002541856 0.0059539960039777075 1.6032555805114042 0.87484341134057531 -1.7293686517700846 1 CAMERA 1 57
58 1 0.92666836775704631 0.15490620352149884 -0.31183561550973515 -0.14159220744346079 3.1873360364644192 0.10271013476726823 -0.52575516282933021 1 CAMERA 1 58
59 1 0.61750164005545183 0.12779893638762665 -0.71899100517332515 -0.29225175939054709 -0.61159743348132323 -0.32786710307755018 0.76921403368167962 1 CAMERA 1 59
60 1 0.81239393619401312 0.14409605046177473 -0.52187673871933637 -0.21655736020783295 3.5555658151772516 -0.66429413187889841 0.63127992341510619 1 CAMERA 1 60
61 1 0.87165833700731754 0.16331054399337858 -0.42364719051901373 -0.18456561898569049 -2.4177128235468057 0.070986257016840457 -0.075195189422413183 1 CAMERA 1 61
62 1 0.90779254120905728 0.16804623828845164 -0.35003812433657344 -0.15857640251070307 -2.8183328085085115 -0.095816602694568653 0.21133812556122555 1 CAMERA 1 62
63 1 0.92156677113319974 0.16932817928812724 -0.31739984896434048 -0.14594516065807228 -2.9530111933364713 -0.19165591809835628 0.36177230117014514 1 CAMERA 1 63
64 1 0.62054320703520427 0.12840202365030842 -0.71686032331639926 -0.29077538647498502 0.053170770842458727 -0.39545528266102975 0.90956516694678557 1 CAMERA 1 64
65 1 0.62397455191746687 0.12697413308685096 -0.714845615071795 -0.28901396972960713 0.57345538604832025 -0.38914805985497358 0.80443333226787839 1 CAMERA 1 65
66 1 0.95506102070575494 0.17193014904027473 -0.21601675764674744 -0.10786672793432119 -3.547532633297636 -0.26239300002704952 0.6469022116135057 1 CAMERA 1 66
67 1 0.76191629960304352 0.15001090828319491 -0.58118200388330166 -0.24332644360497649 -1.8001833472209585 0.14463876365827916 -0.11529719363717141 1 CAMERA 1 67
68 1 0.97485992783626096 0.17282671705491098 -0.12109673643984618 -0.071516623205518923 -4.0978551836763826 -0.52907599456252086 1.0757442786533327 1 CAMERA 1 68
69 1 0.95541825113156897 0.16063903859688405 0.23874966912429191 0.066103405180098773 -3.9009343136212853 -1.8905715376804813 3.1390655513582915 1 CAMERA 1 69
70 1 0.91090045200051062 0.1484863121823452 0.36690136732238671 0.11660003557767681 -3.2892020874022667 -2.5949509557128985 4.4047323921554762 1 CAMERA 1 70
71 1 0.97007626946648429 0.16591535847956934 0.1724646360622753 0.040988712427838386 -4.1891901329746126 -1.5571979623811776 2.6375494442762726 1 CAMERA 1 71
72 1 0.92639751609473198 0.15107621074245198 0.32959314307115706 0.10164635144307468 -3.2249085671976374 -2.3930047945214876 4.0263794402999027 1 CAMERA 1 72
73 1 0.98474534106271527 0.17194925662807928 0.019023915040121873 -0.018658967197407377 -4.2905007430748547 -0.98943286491512483 1.7690210511983429 1 CAMERA 1 73
74 1 0.98046422780244047 0.17045651218623603 0.097290402487289221 0.013002039721866632 -4.3113062933736694 -1.1961906569472252 2.131116054462789 1 CAMERA 1 74
75 1 0.98206955415649466 0.17329578269735421 -0.0567320445647135 -0.047848068066354277 -4.1825182842082178 -0.78696109169976691 1.4694774259961356 1 CAMERA 1 75
76 1 0.83848129361581347 0.1511886980973384 0.48972495435364916 0.18509610181551689 -1.5361045823338217 -3.3978573566515067 4.8072665602754574 1 CAMERA 1 76
77 1 0.96591278320015295 0.17235369849889268 -0.17059231870619582 -0.090581226878038462 -3.8513746166249532 -0.34371745412863763 0.79980811337710778 1 CAMERA 1 77
78 1 0.88493654100222119 0.14104402593839388 0.42092317821201508 0.1407749238678892 -3.0862189723314577 -2.8594576544771848 4.5171746386881999 1 CAMERA 1 78
79 1 0.94138967966430598 0.17069347464056511 -0.26249349052707699 -0.12548456545558673 -3.2263117126990095 -0.31476746547162632 0.56684380995236361 1 CAMERA 1 79
80 1 0.81095529009231415 0.14450054953500258 0.52957214910448391 0.2025449272340126 -0.39220759126069682 -3.3662305028107693 4.9417850907607948 1 CAMERA 1 80
