# Frame list with one line of data per frame:
#   FRAME_ID, RIG_ID, RIG_FROM_WORLD[QW, QX, QY, QZ, TX, TY, TZ], NUM_DATA_IDS, DATA_IDS[] as (SENSOR_TYPE, SENSOR_ID, DATA_ID)
# Number of frames: 120
1 1 0.56086033251493672 0.19492864961490172 0.77361417086702566 0.22126821643487371 0.076746205265144266 -1.8495821471099956 3.5569944237120779 1 CAMERA 1 1
2 1 0.64929719963001409 0.099372033701111126 0.74707956970077116 0.10203167158504117 -1.6323575348195059 -0.16470720615947962 2.9311923419581349 1 CAMERA 1 2
3 1 0.55992232617418358 0.063428852058595428 0.82493343660269969 0.04414288791050737 -0.29550396678038132 0.71143239492902888 3.4693531027520654 1 CAMERA 1 3
4 1 0.87972545083956832 0.18857630107072029 0.40495468189974937 0.1628920361069757 -3.3619241130284947 -1.4851552290684773 3.380906865875271 1 CAMERA 1 4
5 1 0.67756593789597452 0.20759312879943567 0.67132911487176217 0.21708687708819682 -1.2060817852753476 -1.5824801750982467 3.5948846196806237 1 CAMERA 1 5
6 1 0.85049153341383776 0.11231898612175045 0.49739913951977766 0.12900656166624111 -2.5897695790538315 -0.17924351816976483 3.3055032053497317 1 CAMERA 1 6
7 1 0.52321473171043031 0.069586603200532171 0.84817184165109094 0.044817141881103612 0.10068764601066847 0.7069321361163925 3.5250652041535946 1 CAMERA 1 7
8 1 0.53273885585566305 0.21553742094999551 0.77649473555395143 0.2584354025454384 -0.074531641023416639 -2.2052302980514491 3.2942822178308995 1 CAMERA 1 8
9 1 0.2038840869419197 0.10469675381806066 0.97074715923440802 0.071552929151412648 2.7063570252778435 0.26735774145773766 2.4640008213706452 1 CAMERA 1 9
10 1 0.60853107678828344 0.21552235478173082 0.72438272215107757 0.24188781494987474 -0.71237875132370176 -1.8640455405903282 3.427771443083111 1 CAMERA 1 10
11 1 0.80361552404771586 0.10583044477027523 0.57268778695498146 0.12259977627160157 -2.3752946247347926 0.10314625694248805 2.3415532957086804 1 CAMERA 1 11
12 1 0.75737940830242445 0.11038804984791024 0.63175044651076018 0.12280994936771107 -2.1893418500536588 0.096769284378161138 2.2436067628737013 1 CAMERA 1 12
13 1 0.86881048386981086 0.16105666550439224 0.44238809611089897 0.15336839972395144 -2.8019740459904616 -0.7642875296115762 3.3539935657910491 1 CAMERA 1 13
14 1 0.66953871491302897 0.15277062222273438 0.70924141838175947 0.1592345963354648 -1.5002828243459356 -0.99072154566666648 3.3160687560592925 1 CAMERA 1 14
15 1 0.65907801306689773 0.11355220908054696 0.73390067284109162 0.11879339589434788 -1.7036164972127481 -0.30054869067319662 2.8779065144746108 1 CAMERA 1 15
16 1 0.65439815347094887 0.10848672954133377 0.73970365832721996 0.11327923068491252 -1.6778832669421413 -0.25813327183373108 2.896560400978935 1 CAMERA 1 16
17 1 0.81862803247434213 0.18805486189246284 0.51302309992906392 0.17689209226239649 -2.433106149372783 -1.3085308126479329 3.7497117445413819 1 CAMERA 1 17
18 1 0.84796880236154948 0.10335444877614024 0.50518874308320494 0.12268293280530626 -2.4543218439876187 0.06934351486152307 2.5869416907670888 1 CAMERA 1 18
19 1 0.76387286007666022 0.19563516930938027 0.58492695196427469 0.18996208841075662 -2.1557600019532477 -1.3144302684671068 3.7574226365677794 1 CAMERA 1 19
20 1 0.30980652951762172 0.093467507500433797 0.94505652048761302 0.046388709765949915 2.0377116065709857 0.50121458957353882 3.0309750172409262 1 CAMERA 1 20
21 1 0.4096464816604361 0.085792808352824143 0.90693340199495698 0.04797039132647829 1.2150475297878811 0.55526847559357895 3.3860494335222411 1 CAMERA 1 21
22 1 0.41118668687447046 0.17429102425575832 0.86536078172918285 0.2273738438038386 -4.7984888396938246 0.70348078317753215 -2.3293046649782085 1 CAMERA 1 22
23 1 0.53980601263902228 0.14445471348908887 0.81508386013707579 0.15290717907799117 -2.9967372520299929 0.37714597574512082 -0.91697853353394854 1 CAMERA 1 23
24 1 0.50293743196276275 0.15645542605560725 0.83164860843508226 0.17588698438614289 -3.6124577460413514 0.6508505663611881 -1.9359762360008093 1 CAMERA 1 24
25 1 0.54320484789607792 0.12934024842895298 0.81892292463111171 0.13253239932998362 -2.5616720960258905 0.27041251034762087 -0.26901598236190716 1 CAMERA 1 25
26 1 0.18342496614248763 0.10673568523634164 0.97399642833085787 0.079333050436045827 2.8118296657512212 0.22548870642699967 2.3460362885950632 1 CAMERA 1 26
27 1 0.5565777464525834 0.12252576076788764 0.81261379412616652 0.12193224224088865 -2.1411388617919909 0.14366281496863076 0.69671506188908006 1 CAMERA 1 27
28 1 0.28631468580895597 0.16297609210467126 0.90847292902340759 0.25717626508688379 -5.3093449984801984 0.2278192991346574 -1.3540490621021306 1 CAMERA 1 28
29 1 0.54468878453251468 0.12503053253113594 0.81965868281779208 0.12586158119487656 -2.3601836710148998 0.14162990746393206 0.41754735320362002 1 CAMERA 1 29
30 1 0.45947898965317213 0.15916826402259254 0.85349923808614725 0.18730609275114515 -4.2737757447108953 0.5864106010383916 -2.120618837440059 1 CAMERA 1 30
31 1 0.5239319320969722 0.15642473590946546 0.8187184295527008 0.17529051781413413 -3.3201190375109046 0.52737802844485859 -1.4251449078787721 1 CAMERA 1 31
32 1 0.57440496410124986 0.11765919438023779 0.80133978636404113 0.11861617926601924 -1.8124721286019048 0.11371627167668204 1.3413668762636637 1 CAMERA 1 32
33 1 0.26697263227593132 0.16088918926700591 0.91401277205958942 0.2596554157043735 -5.3230344750661001 0.18146241714762326 -1.1278882946373525 1 CAMERA 1 33
34 1 0.72979661518192784 0.11179099627667469 0.6633309570275 0.12203161504073699 -2.1222427679646612 0.13890250699553916 1.9753717678664677 1 CAMERA 1 34
35 1 0.65047003732928277 0.11453388151712716 0.74109084444953766 0.12064443955082803 -2.0336902658280493 0.070888320256063994 1.7716703648877843 1 CAMERA 1 35
36 1 0.46858705472775664 0.20092397501390472 0.8199820621510564 0.26016369108059545 -4.0932903568176862 0.8271672186834339 -2.0789391847173619 1 CAMERA 1 36
37 1 0.72957496427946245 0.23539375863512482 0.59986434238858111 0.22906968508068651 -1.7921713176375216 1.5156298223391995 -3.6431700650112515 1 CAMERA 1 37
38 1 0.64117283816775428 0.22520599107762926 0.69128327741612772 0.24557500594210854 -2.6167718323659233 1.0689495827585038 -2.9175918373072349 1 CAMERA 1 38
39 1 0.54093561572527527 0.21026218441018918 0.77329487893338344 0.25533018556836767 -3.5469603609054441 1.07596651792633 -2.589388983123377 1 CAMERA 1 39
40 1 0.39455293519352336 0.18703262677305135 0.86016114829239676 0.26357081936522037 -4.5074468561508008 0.539669303209247 -1.4964643678594745 1 CAMERA 1 40
41 1 0.27384833740258657 0.16301154353255126 0.90997204039460899 0.26530211170860746 -4.9229176183497962 0.27116636968740876 -1.0157679013992831 1 CAMERA 1 41
42 1 0.37115465107309947 0.18230957974184436 0.87136098363302039 0.26407854574586881 -4.5963145050178742 0.46983135197257109 -1.3330456789599103 1 CAMERA 1 42
43 1 0.63659788336757084 0.22632680143214443 0.69555265799623556 0.24438865317316799 -2.7845468598058289 1.3967723623745949 -3.1583409800963613 1 CAMERA 1 43
44 1 0.49451355321339535 0.20252309080060943 0.80339523258509271 0.26267250263469821 -3.1543086717027609 0.44224962171795562 -1.6687224817845501 1 CAMERA 1 44
45 1 0.36187557168010848 0.17804992768084776 0.87466264941741234 0.26890433910250033 -3.3085350219221703 -0.012942934086998637 -0.60054388100499034 1 CAMERA 1 45
46 1 0.57577780145407498 0.0053133059671738366 -0.81340773006684164 -0.082580607892648442 1.8844236300647328 -0.49425563039089632 2.3091553619401188 1 CAMERA 1 46
47 1 0.62556740404903555 -0.013800851558317711 -0.7787685637881675 -0.044659641097200685 1.4752764956275184 0.32297603569111727 -0.40079074340821003 1 CAMERA 1 47
48 1 0.52853360888617995 -0.035514040650267788 -0.84639982693522386 -0.054756827505480971 1.6568921504437648 0.26297960614692362 -0.085691779666278778 1 CAMERA 1 48
49 1 0.18667680532191197 0.14155471049052629 0.93452486813824909 0.26791286852993151 -2.9444349486124413 -0.59499753025911051 0.62865937101748282 1 CAMERA 1 49
50 1 -0.39345749940373698 -0.0024557053025881896 0.89781520133726311 0.19777014416275013 0.21608260325603415 -1.3693778843388793 2.4327499066400247 1 CAMERA 1 50
51 1 -0.42765207854005582 -0.01022533043402662 0.88439862287750592 0.18667677464070426 0.58014885877222766 -1.328460816959478 2.4364198839463347 1 CAMERA 1 51
52 1 -0.13469922747376595 0.067297760781325947 0.95832667231123347 0.24276968230952534 -1.5850035503230555 -1.3203099807419818 1.8849014884757718 1 CAMERA 1 52
53 1 0.012133187741642794 0.10326170718956197 0.96060560769980541 0.25773372313147291 -2.2141174296700177 -1.035522508507998 1.5153063667091822 1 CAMERA 1 53
54 1 -0.0042839495439327994 0.099432866975421849 0.96138442768958754 0.25658280327667604 -2.1475404969027125 -1.0596289028693462 1.547137034064036 1 CAMERA 1 54
55 1 0.69675305243722618 0.0039511358389594442 -0.71643051940847757 -0.035311234828155146 1.3965228549439528 0.34713353938625707 -0.52966208131479453 1 CAMERA 1 55
56 1 -0.21677734839316198 0.044989993637726482 0.94707605502776526 0.23244446151533177 -1.2167829597102167 -1.4605032461416068 2.0800322946904966 1 CAMERA 1 56
57 1 -0.44286737204625054 0.052546775505402474 0.89305850236566797 0.059614079823668446 1.7156293214295062 0.20966413877043041 0.2254106960014628 1 CAMERA 1 57
58 1 0.63372308191156257 -0.0361604404044919 -0.77262674232913231 -0.011635937441251363 1.7737302454204795 -0.05709581211637077 1.5804764991185503 1 CAMERA 1 58
59 1 0.66771597753409673 -0.055820313789993629 -0.74174136228170118 0.029312410248194323 2.4767777168811049 0.23207590011352652 1.8860716341612567 1 CAMERA 1 59
60 1 -0.32823573408918827 0.07132916759948843 0.93986697788361118 0.061834590646525821 1.5316967067018397 0.15989677204768712 0.66442400044004901 1 CAMERA 1 60
61 1 -0.20026932527422225 0.085793818937713845 0.97332948615555159 0.071842392544100131 1.1303392638213001 -0.0016559603050393462 1.1041971866985825 1 CAMERA 1 61
62 1 0.70116087964350227 -0.022011677389528462 -0.71264967901094056 -0.0043979451625840507 1.8890595330522102 -0.022167350175331481 0.81475512819409091 1 CAMERA 1 62
63 1 0.77900356384496705 0.02715009536142364 -0.62604404797469115 -0.022026571094217431 1.512119777871582 0.33452895565055712 -0.64443367221587144 1 CAMERA 1 63
64 1 -0.065084330959239392 0.095595492538422297 0.98966705692455881 0.084762303580109929 0.44894878470305788 -0.00710588193053306 1.3828872832181127 1 CAMERA 1 64
65 1 0.50258083479497473 0.10668923127691822 0.85221017449251568 0.098831831500599113 -1.9573660032268398 0.43596919889658819 0.64712101506780884 1 CAMERA 1 65
66 1 0.29145240741990946 0.115440255988169 0.94295033625521607 0.11213253257953416 -1.4128386350077566 0.13534092486670046 1.2249238653201384 1 CAMERA 1 66
67 1 0.7725356357989438 0.0040218240080689511 -0.63495180650558669 -0.0029529252719735426 1.7471683138348963 0.066675029976337064 0.077676985366734008 1 CAMERA 1 67
68 1 0.06885718783401848 0.10512351168514515 0.98738923558795977 0.096282046195532517 -0.35432841286332373 0.046904613475150077 1.4904291172089632 1 CAMERA 1 68
69 1 0.031626862155040077 0.10914120396939379 0.98541358593167716 0.12668071616315696 3.4490062149893679 0.019808382514533398 0.060573507123879489 1 CAMERA 1 69
70 1 0.3966808665733319 0.11763839771551314 0.90284356979629499 0.11695719710663262 -1.6713779976453675 0.25548039875377115 0.9699225681025182 1 CAMERA 1 70
71 1 0.25090032444982241 0.097679737340935477 0.96222610071354608 0.040356253661413169 0.011957240566388182 0.31261920221146849 1.7244114178169874 1 CAMERA 1 71
72 1 0.18799493781593074 0.1116032690117828 0.97008888560782469 0.10549961005442997 -1.0328910899939461 0.062699939296107468 1.4355603631731624 1 CAMERA 1 72
73 1 0.22457324991315389 0.13008267393777875 0.95418734778899494 0.14890217823808169 3.8201084950851039 -0.21885489503102987 0.66592907584004846 1 CAMERA 1 73
74 1 0.023705053360207232 0.10612711896001446 0.99050104863592436 0.084159240238792968 2.9552782477949577 0.030260061983294988 0.65244206857751286 1 CAMERA 1 74
75 1 0.090770064090590255 0.10157003152174142 0.99020199711493739 0.030729937703357833 1.3411814591024851 0.21081594880597165 1.4137240891870537 1 CAMERA 1 75
76 1 0.12534194431295548 0.12195188892961994 0.97453144945509207 0.14037659279702974 3.8424035801264838 -0.07189123234584742 0.31401568614534459 1 CAMERA 1 76
77 1 0.38387175741508739 0.091940282095330034 0.9172740941919526 0.052893236917554882 -0.91797149068298611 0.3285057700850334 1.2395271882494914 1 CAMERA 1 77
78 1 0.3106382531639158 0.13622317973972151 0.9281524704010744 0.15323221809154078 3.7864009271643195 -0.30366806036930055 1.0657520473647437 1 CAMERA 1 78
79 1 0.033886939416530315 0.10395911503626443 0.99276028729811949 0.049711062165403379 2.2294422453519251 0.1326600971783975 1.0999134431580873 1 CAMERA 1 79
80 1 0.39224474646083968 0.14170523728734491 0.89523355373970326 0.15690942883648171 3.8053568237293649 -0.43426350197509422 1.4874226020984225 1 CAMERA 1 80
81 1 0.74810260093427139 0.15805704728242487 0.62482311849769645 0.15797638706640044 2.6314358307577264 -1.0669448821017624 4.0856910095806436 1 CAMERA 1 81
82 1 0.79829774275688592 0.16055205200523653 0.55931147389392266 0.15528820842799551 3.6107855808770215 -0.45118823199345576 1.879730338921286 1 CAMERA 1 82
83 1 0.75542123975986109 0.15876432841384785 0.61587580303780476 0.15757421672187863 2.5817193771556348 -1.0718270529831404 4.1342730125649352 1 CAMERA 1 83
84 1 0.7730072476576707 0.15975848047124758 0.5935264978342264 0.1570455964198571 2.5431197880952525 -0.8757802027636199 3.5922708934375693 1 CAMERA 1 84
85 1 0.72986938017322556 0.15767021239571472 0.64630593357036148 0.15722414649278688 2.7462714785789437 -1.0365619979910385 3.9078201224769216 1 CAMERA 1 85
86 1 0.82969084652129599 0.16051959681234074 0.51277522294424693 0.15135431600207791 4.0982917111595931 -0.16654691737385596 1.0046486358615847 1 CAMERA 1 86
87 1 0.86149797572904507 0.15978307547201287 0.45900602374792981 0.14698325336778284 4.6402288613127372 0.012386156637856775 -0.022654807118299244 1 CAMERA 1 87
88 1 0.78872811102278684 0.1608082018356343 0.57243688684650618 0.15609195905714332 3.3291481566646381 -0.59224261706871473 2.4410344514439584 1 CAMERA 1 88
89 1 0.86992567627434092 0.16073400251107789 0.44270700395815865 0.14630244988307742 4.742594417400027 0.0075651687325032401 -0.25956535105168099 1 CAMERA 1 89
90 1 0.47372390722033814 0.14734627232677663 0.85326897967996307 0.16064490055776656 3.8344167171366439 -0.55388387088875302 2.0271643136307929 1 CAMERA 1 90
91 1 0.63925122345056573 0.1553013165777728 0.73565270134831928 0.16141399377094284 3.1903489043059117 -0.87345842379574135 3.079282239595734 1 CAMERA 1 91
92 1 0.81688812350391438 0.15996724527624354 0.53254276111524346 0.15330519136916473 3.9222922908401361 -0.30748996415932722 1.5601739228849074 1 CAMERA 1 92
93 1 0.84162316960910721 0.15992496547544713 0.49358418936453358 0.14989694394534303 4.4333966114255023 0.011018437863179232 0.29483561849575063 1 CAMERA 1 93
94 1 0.83227923819550487 0.16026047948993286 0.50868903885199246 0.15120618417975887 4.1626321986100221 -0.11424871802310438 0.83475491524676926 1 CAMERA 1 94
95 1 0.55264014912976855 0.15345398374876845 0.80305827806521013 0.16167294910528315 3.6232619706428975 -0.72306830613397666 2.5048256978495456 1 CAMERA 1 95
96 1 0.78105779135132247 0.15962222523522349 0.5829617954734938 0.15692360178975689 3.0190564271800442 -0.72030444903085467 3.0820077778037311 1 CAMERA 1 96
97 1 0.66173158101233598 0.15644829121499904 0.7153870445827093 0.16079994810334328 3.0849957781252693 -0.91970074468258955 3.2470707586405618 1 CAMERA 1 97
98 1 0.89599257001738464 0.17790792692723145 0.37898160834290506 0.14805074990665168 5.1545094921398196 -0.11358947819515967 -0.11468605127786877 1 CAMERA 1 98
99 1 0.91703729900182862 0.20802662474519462 0.3048465202729243 0.15111622915505316 5.3425390635993697 -0.00072808287170699414 -0.82976583840177409 1 CAMERA 1 99
100 1 0.91883829190379718 0.21801806244179281 0.29302276444405934 0.14947232953961911 5.0061540540835061 0.053301469253637754 0.01987617768893082 1 CAMERA 1 100
101 1 0.92366151908716787 0.19182189857427073 0.29878811140450723 0.14415069152895271 5.1819133687563985 -0.26059726015845008 -0.053861726031774242 1 CAMERA 1 101
102 1 0.97703297545624879 0.18854250780486317 -0.056723056238541826 0.081490996513244818 3.5570298923586932 -1.4863828224234485 3.6859365603376815 1 CAMERA 1 102
103 1 0.97604172677406809 0.1849972403141894 -0.08738064089105553 0.074048580469161338 3.2520537619308185 -1.5776564934775568 3.9243338025683716 1 CAMERA 1 103
104 1 0.95658254955652644 0.21059150315976133 0.15713898343072777 0.12612844471888685 4.6831501752318001 -0.58812389352826955 1.5491867564490229 1 CAMERA 1 104
105 1 0.97653411267665213 0.16936093610618577 -0.11132611290510337 0.07283197570779365 0.12085384571034596 -2.9446891681192882 2.7399363662395078 1 CAMERA 1 105
106 1 0.8552411079579415 0.10323699259080545 -0.50750201287037566 -0.018613907494019824 -2.642249509305421 -1.5142970144134706 3.8177389579614118 1 CAMERA 1 106
107 1 0.86160876761422422 0.10736739443468792 -0.49586403494211673 -0.014880626113415438 -2.7843460163894846 -1.4038137244935556 3.1490792465707775 1 CAMERA 1 107
108 1 0.95596118256680396 0.16336807343491516 -0.24094825187658248 0.037323316107508733 1.2810620738498975 -1.8878530231431392 4.7840333093423064 1 CAMERA 1 108
109 1 0.97086046524282099 0.2028605448926239 0.066412577325824673 0.10893542090294796 4.3804915647294669 -0.95813628427553998 2.4832734289113323 1 CAMERA 1 109
110 1 0.88111308102038011 0.11394348604816994 -0.45894040343817749 -0.0055069532380965331 -2.7753605698367578 -1.3613374592165215 2.7209351695131492 1 CAMERA 1 110
111 1 0.92687730398338009 0.13499303305752766 -0.34957556990882543 0.021731666050952617 -2.1427083383771159 -1.9394700785628161 2.6694825374693623 1 CAMERA 1 111
112 1 0.973564401043018 0.18411089116365476 0.077777587525559855 0.11057207448256763 1.8141272866131133 -2.7796071705672638 2.4601801179310652 1 CAMERA 1 112
113 1 0.90157342417780095 0.12625569327304717 -0.41379200144813255 0.0010199362753865974 -1.2224940115648162 -1.8169759308521796 4.9247671056584945 1 CAMERA 1 113
114 1 0.89328760030373899 0.12028489259812775 -0.43308872568112305 -0.0017214656968280904 -1.4661678401645419 -1.7604980186227008 4.8836486022792629 1 CAMERA 1 114
115 1 0.93952534668609655 0.14105201278301283 -0.31067140059280612 0.029660301379708667 -1.858904923890595 -2.4862954698404995 2.4403954654973625 1 CAMERA 1 115
116 1 0.94805215545067079 0.19538063286597723 0.21160070924796839 0.13508759636615159 2.7194025427262987 -2.5393354671800017 1.9038012808154279 1 CAMERA 1 116
117 1 0.94341732868867623 0.19628899103631328 0.22913372724837847 0.13759400773701638 2.8201059040102301 -2.509815983305435 1.8077628788535576 1 CAMERA 1 117
118 1 0.94391239206732802 0.14174681387044083 -0.29639687018260324 0.03295651992050308 -1.7622159829019814 -2.7426033908057748 2.3529367563207666 1 CAMERA 1 118
119 1 0.88774614411640584 0.20756007651367989 0.37716699129164588 0.16300508864479252 3.6555269865059654 -2.1947719419666893 0.77155848923570935 1 CAMERA 1 119
120 1 0.87449762576622803 0.21233171445497631 0.40218163981334976 0.16857957813117719 3.7550865679047436 -2.1231792135996796 0.54932680097036202 1 CAMERA 1 120
