# Frame list with one line of data per frame:
#   FRAME_ID, RIG_ID, RIG_FROM_WORLD[QW, QX, QY, QZ, TX, TY, TZ], NUM_DATA_IDS, DATA_IDS[] as (SENSOR_TYPE, SENSOR_ID, DATA_ID)
# Number of frames: 80
1 1 -0.27085832161158641 0.045177981054100105 0.94891142648110038 0.15544074219853976 2.2100414517577427 0.72331192195598382 6.171007263446052 1 CAMERA 1 1
2 1 -0.38559645540136633 0.051616477391174934 0.90203137048006676 0.18705752995664443 3.8880362850276362 0.15417701954906157 5.5305510877887691 1 CAMERA 1 2
3 1 -0.15407253648476338 0.027711327546430957 0.97983295683603655 0.12418177211135055 0.20584747226765135 1.2402163147566174 6.312476457149506 1 CAMERA 1 3
4 1 0.071104488070459576 -0.023738922584756732 0.98917208944403801 0.12617128356194623 -2.8250024991521867 1.2415364263014881 5.5668502149557595 1 CAMERA 1 4
5 1 0.90693749145481739 -0.086774404537370245 -0.40024735775097481 -0.098674423860446614 2.3495206853288733 -0.19465661552528501 -1.6533880623410049 1 CAMERA 1 5
6 1 -0.031010588358756704 -0.00028949857276237676 0.99150724237985766 0.12629983336691408 -1.5977393827962305 1.2785670477895741 6.1220467225783741 1 CAMERA 1 6
7 1 0.6188539402774158 0.071008303663976702 -0.70187194375824002 -0.34547560837041918 2.6519410431233021 -1.2191225619719301 -0.080569168892510479 1 CAMERA 1 7
8 1 0.16328513563017005 -0.037234032497258422 0.97142432123054445 0.16818555059221452 -3.5934300096031708 0.71258455127597475 5.4401999700135821 1 CAMERA 1 8
9 1 0.67469153549937888 0.079379615914794643 -0.65719123008328795 -0.32648108000973819 2.3942944065295921 -1.0971920059097233 -0.66815696864254315 1 CAMERA 1 9
10 1 0.5426336596029776 0.06009036158004899 -0.75433347837603182 -0.36458039348294041 2.8385565653848608 -1.6776673119577432 0.79032249052164449 1 CAMERA 1 10
11 1 0.92045952363453731 -0.077824532290188458 -0.3707437509423675 -0.096159651941331345 2.3509217462306475 -0.9447817804976042 -1.9837735243380323 1 CAMERA 1 11
12 1 -0.44504637126119884 0.016856901204313844 0.85387549439309507 0.26934404092902176 4.5478247430990129 -1.2047422945737547 4.765079666745752 1 CAMERA 1 12
13 1 0.88362730584611526 -0.098991536698537483 -0.44631286791822417 -0.10103605275250904 2.593172392653849 0.58829393825692744 -1.1194607922770821 1 CAMERA 1 13
14 1 0.9129363349131876 -0.28017491654471488 -0.29638904342765948 -0.014240767903288855 2.2222787903746597 0.335035239348424 -2.1158825509487129 1 CAMERA 1 14
15 1 0.93424188961440069 -0.28812082007837536 -0.20990562567445906 -0.010867982208872461 1.777248496510599 0.2471607480602831 -2.4762208934650674 1 CAMERA 1 15
16 1 0.99529440363332833 -0.093821586639814852 0.024210598975406224 -0.0006378666140341619 0.93965086280517196 0.69314135490352513 -3.3902360494182084 1 CAMERA 1 16
17 1 0.15560980771456151 -0.025454553117336576 0.29066274733362407 0.94374404410364554 5.138242459782612 22.850346189798085 38.086495311984571 1 CAMERA 1 17
18 1 0.88851146431382122 -0.27088005107367996 -0.3699760915444385 -0.017001982200060571 2.5501452691243935 0.45078848224433382 -1.7128837334841134 1 CAMERA 1 18
19 1 -0.47446320358341976 -0.050830532207479816 0.7921083997313062 0.38061162425229733 2.7657699417491228 -2.051404617263842 1.5025523848706592 1 CAMERA 1 19
20 1 0.99042485875412833 -0.017383526063124363 -0.12620738579729321 -0.05317995819564978 1.3336033754720824 0.71180693310976029 -2.4192044529830086 1 CAMERA 1 20
21 1 0.98351434290321404 -0.16977796959279262 -0.060346030268418949 -0.015275306067341314 -0.16366263231241357 0.84617782986246204 -0.43877184101322952 1 CAMERA 1 21
22 1 0.9321359481135939 -0.22637423673337204 0.28152410765702163 0.024929018947252055 -0.21692565096656521 0.45229873362268713 -0.498273487135733 1 CAMERA 1 22
23 1 0.95150156244006423 -0.2912959719359135 -0.098653443336423785 -0.0076766871692992029 1.1989262620508718 0.13601376931434295 -2.8541087561443663 1 CAMERA 1 23
24 1 0.78306775444425913 0.031173303422687388 -0.57754901233123879 -0.22862689137228201 2.6371649243202957 -2.1779579131026234 -1.5702089798252454 1 CAMERA 1 24
25 1 -0.43586026275255196 -0.034571024681937727 0.82032317395230336 0.3686469393369981 3.2525230629144675 -2.3193342182349714 2.6668608035352355 1 CAMERA 1 25
26 1 0.95474321628620062 -0.041762101646002588 0.28363722269278957 0.079191184640155204 -0.066607754337563524 0.030973315539318206 -0.34115489536651566 1 CAMERA 1 26
27 1 0.85670128977785187 0.00047943522480596167 -0.48734301450365908 -0.16899543322029972 3.0381588812602494 -2.086431663216251 -1.7805602158016833 1 CAMERA 1 27
28 1 0.93970757760229195 -0.29729714889012743 0.16900439690192445 0.0012600343053218146 -0.066950991653530814 0.76885298727538609 -0.52179120790881561 1 CAMERA 1 28
29 1 0.9850778159191208 -0.019450204490001479 -0.16006310791235071 -0.0601929199719618 -0.099866098926102737 0.65866331882115903 -1.2394171053138756 1 CAMERA 1 29
30 1 0.95724880681752278 0.0068571396561513519 -0.27020673123708377 -0.10303409084538756 -1.8429366123754756 -0.69299007184952188 2.179984049956154 1 CAMERA 1 30
31 1 0.95333937142260072 0.010781136942991407 -0.2811384109598713 -0.10949430973678764 -1.4567373268036339 -0.66916058082937024 1.7582955447668289 1 CAMERA 1 31
32 1 -0.43889029417972208 -0.028611826362831175 0.82347574424467707 0.35839136667572713 3.8023525605555046 -2.6040185080160789 3.6942778025235823 1 CAMERA 1 32
33 1 0.95411114897913452 -0.29386300687330263 0.057572536211246313 -0.0013607568856788554 -0.13015897757750922 0.87727506631585594 -0.43964080021582896 1 CAMERA 1 33
34 1 0.97300814811397751 -0.0035563237998720411 -0.21774009647083295 -0.076365873619771873 2.2800332756861166 -1.0538048274660117 -3.0614698732590147 1 CAMERA 1 34
35 1 0.7520508426149648 0.096412477851504294 -0.58106037497709961 -0.29579216498772765 2.3683679798673385 -1.6012431436067895 -1.7889236855071666 1 CAMERA 1 35
36 1 0.96806696231827927 -0.00257826070537618 -0.23587263200825809 -0.084875264412497695 2.4012467135994449 -1.0951528719644037 -3.0089603806862306 1 CAMERA 1 36
37 1 0.94680612245613172 -0.24722220688377652 -0.20505589729988963 -0.019784485983637266 -1.5703978213715053 1.1137064793093874 2.9619300762359111 1 CAMERA 1 37
38 1 0.90642697612609568 -0.19704321643891984 -0.37036365812371119 -0.048937394163667339 -2.1101732961744286 0.51461094574405863 1.7535312578346947 1 CAMERA 1 38
39 1 0.99224139532562083 -0.0058216422366174142 0.119582769205268 0.033512433411101515 0.11047837365669665 -0.20763088126338214 0.065647004618409638 1 CAMERA 1 39
40 1 0.92804597443465153 -0.21839542565449832 -0.29963601954117142 -0.035388743723838552 -1.9213960407325057 0.71641373791825347 2.3367472673177123 1 CAMERA 1 40
41 1 0.92848243913695261 -0.00080954248561603047 -0.35087497114043459 -0.12168179601920036 2.9136732411560247 -1.677593046377351 -2.5020397800086118 1 CAMERA 1 41
42 1 0.96738305074171393 -0.012236966778245302 -0.23786593345947352 -0.086255941715200735 -2.0379138286888314 -0.66486152427665102 2.8158220549960649 1 CAMERA 1 42
43 1 0.98271866499893057 -0.0034552822346508799 -0.17169204971844995 -0.06909360716358659 0.40659400936671641 0.62537975768015186 -2.1414422101011934 1 CAMERA 1 43
44 1 0.99945301761064353 -0.002847053010221947 0.032827477431157423 0.0028136459696651191 0.14180204129326929 -0.28807512267789986 0.29228982797362846 1 CAMERA 1 44
45 1 0.97985241140010892 -0.010317929866040996 0.19113868513297944 0.056998203851584467 -0.015578696659100414 -0.16117437854121966 -0.13228111468494436 1 CAMERA 1 45
46 1 0.98118111264018248 -0.17508345523682947 -0.079697969877762523 -0.016662577767864308 -1.826997093399723 0.71708283224602065 5.048582362603824 1 CAMERA 1 46
47 1 0.95669228681693474 -0.25195284095847575 -0.14513925718561199 -0.013936653168738114 -1.3932568909290108 1.2600881233567047 3.2912502670778374 1 CAMERA 1 47
48 1 0.96224286223653421 -0.25404719519957952 -0.09706759662172168 -0.011250705406860155 -1.543489440565426 1.4703858690578049 3.8626929328220436 1 CAMERA 1 48
49 1 0.87839949232984393 -0.17964526044844378 -0.4385049985809123 -0.062090888966396363 -2.2366204060193451 0.40928365648069581 1.2642259116227068 1 CAMERA 1 49
50 1 0.9945531576214558 0.0024852716914926924 -0.095287066681238167 -0.042168886789866217 -0.15282262063801932 -0.36672422025383106 0.62259173910928167 1 CAMERA 1 50
51 1 0.67472036905052324 -0.11407962533159516 -0.72009885219019898 -0.114873433599274 -1.7409403569198807 0.35505902212020518 -0.45360642746348029 1 CAMERA 1 51
52 1 0.72443490580389658 -0.12813352247928686 -0.66931672733011383 -0.10387967166898303 -1.9455759749454102 0.36049444064314362 -0.14383049806247036 1 CAMERA 1 52
53 1 0.64186762559366661 -0.10512752218278588 -0.74965957228348834 -0.12233021285926823 -1.5733420588133293 0.3493278298334308 -0.67321613779395229 1 CAMERA 1 53
54 1 0.76888075621705054 -0.14132723877709391 -0.6165646043467955 -0.093258152273236403 -2.1007207452245713 0.35398486606824281 0.14282474195778763 1 CAMERA 1 54
55 1 0.78651152818357417 -0.14664303820710589 -0.59330396683816389 -0.088802242729714986 -2.1607499063301896 0.34764676114495346 0.28155123662996678 1 CAMERA 1 55
56 1 0.60184632974722829 -0.096181426772385559 -0.78231199948349384 -0.12852262049132301 -1.3645834255402363 0.26489764365777047 -0.96020833657179838 1 CAMERA 1 56
57 1 0.83766526843084776 -0.16293861696507164 -0.51577872517641554 -0.07576418561284276 -2.2756484877653409 0.36335785562295259 0.75304319831111244 1 CAMERA 1 57
58 1 0.97426065759523028 -0.025870138450880188 -0.21123194481781848 -0.074350336160127747 -2.1707440802867364 -0.59896013608793996 3.0787913024146047 1 CAMERA 1 58
59 1 -0.47079583231845668 0.065175515655135144 0.86674407534762998 0.15118910106367145 -0.5522686768437437 0.33147276098305445 -1.3696179741868504 1 CAMERA 1 59
60 1 0.81859994085054222 -0.15668504371404435 -0.54667813887597283 -0.080541581750792027 -2.2448958398254901 0.34926916878990816 0.5595816337214039 1 CAMERA 1 60
61 1 0.5423238259959442 -0.081561235926497999 -0.82451506519313678 -0.13931094652187356 -1.0002440631003084 0.27979004145175029 -1.2844117506560395 1 CAMERA 1 61
62 1 -0.40300066026582443 0.050497879788433613 0.89952038787817179 0.16094565465922314 -0.19569526726003922 0.36438758917495712 -1.3609614256091891 1 CAMERA 1 62
63 1 0.56675626984613481 -0.087360602773462873 -0.80795042926744098 -0.13554172612044776 -1.1568543732407253 0.26631895872294076 -1.1762848115189504 1 CAMERA 1 63
64 1 -0.33314224088733579 0.036039191235514315 0.92623330682692318 0.17265365723354167 0.13180453896237826 0.37836625329019469 -1.3419766373889841 1 CAMERA 1 64
65 1 -0.49765871122402489 0.071584480860557215 0.85189025888178371 0.14660987710619902 -0.71245836331724433 0.30758117952614783 -1.3565698126229622 1 CAMERA 1 65
66 1 0.98804380353653132 -0.079017986144114497 -0.12687441059661836 -0.037795291962803249 -2.1266610664277601 -0.24578972608573443 3.8217940404781672 1 CAMERA 1 66
67 1 -0.17659233338897359 0.0063119896327493378 0.95321100460278274 0.24528368734848133 -0.48616661451999593 0.61773394070747323 -1.7731772890972455 1 CAMERA 1 67
68 1 -0.10118411767532128 -0.0064002509177874256 0.97399467059181499 0.20262081032608167 0.63124917786107493 0.77152504501554997 -0.49937512299849124 1 CAMERA 1 68
69 1 -0.17467363370289546 0.0026566307034684481 0.94787883278372342 0.26647285483309258 -0.681736050078522 0.62495360224980123 -1.7473366688877416 1 CAMERA 1 69
70 1 -0.26353587051520183 0.014144195157544484 0.93934034994867655 0.21906276190498045 0.40425027909962347 0.26190201250161294 -1.2659763547842786 1 CAMERA 1 70
71 1 0.97482946058334141 0.0075482015830591088 -0.20722109354066856 -0.081914381054016536 -0.52430309726611823 -0.59195964898175357 1.1556111536724536 1 CAMERA 1 71
72 1 -0.17759159805909658 0.034053941263290442 0.9805092783720275 0.076831688837474404 0.072130713033973795 0.38715840097041887 -1.7786046416583476 1 CAMERA 1 72
73 1 0.057127936360824354 -0.029100632188560096 0.99274713968371697 0.10169891220253202 0.22117862149721121 -0.10961095879029854 -5.0830938790670102 1 CAMERA 1 73
74 1 0.00071640505178873263 -0.015625857027089428 0.9936948620667948 0.11102180172391553 -0.71253026078669901 0.20577883761754615 -4.001837442155213 1 CAMERA 1 74
75 1 0.98269019904867128 -0.053384042134627288 -0.16897143040492854 -0.054025664697100413 -2.2421546503723073 -0.43744403092875017 3.4492683074475874 1 CAMERA 1 75
76 1 -0.24386192485673014 -0.018450663357357417 0.90590748434505441 0.34572035582889704 0.27232910414831563 0.1148863803466936 -1.1833932670615523 1 CAMERA 1 76
77 1 0.12233794867391988 -0.048379144735752548 0.98711642749814388 0.091071637913217249 1.4324355096540582 -0.17967514338544394 -5.6783984754335766 1 CAMERA 1 77
78 1 0.06948853961988169 -0.032208891970116921 0.99189783633013873 0.10135389693121341 0.48466744188801519 -0.14689022047632849 -5.4350568871840306 1 CAMERA 1 78
79 1 -0.1178021862251962 -0.022491049312584863 0.92035744239889916 0.3722351082882161 0.3464237107880625 0.41595301266544049 -0.66393767655501579 1 CAMERA 1 79
80 1 -0.027955278661863349 -0.0090970137656190189 0.97764533707361367 0.20819544095322104 -0.69396110603779415 0.85445390091999884 -2.8748185560055601 1 CAMERA 1 80
